17
-1 85 88 34 70 50 61 79 10 42 22 96 40 11 17 87 43 
85 -1 65 89 90 38 92 67 11 62 8 21 59 33 35 4 46 
86 93 -1 56 44 36 74 54 63 15 12 57 43 94 77 55 42 
34 13 23 -1 74 33 67 18 11 96 66 87 81 62 66 14 9 
62 82 15 7 -1 54 32 23 1 65 39 30 26 90 41 24 28 
15 5 94 74 88 -1 70 31 20 11 45 100 5 76 75 72 36 
17 63 80 18 16 2 -1 82 55 52 84 42 66 92 18 45 30 
98 45 50 42 39 86 43 -1 22 87 97 85 19 80 79 90 86 
58 35 74 21 14 89 75 27 -1 39 10 82 56 80 99 51 6 
27 92 32 13 74 74 1 66 4 -1 8 61 56 30 2 57 54 
98 23 21 8 64 73 23 12 59 46 -1 65 4 54 74 21 49 
84 66 42 37 1 67 65 94 82 75 41 -1 66 34 39 4 98 
53 38 5 87 1 37 90 74 84 40 71 2 -1 98 43 75 19 
51 76 47 45 15 72 71 55 8 65 67 14 56 -1 63 75 77 
39 53 3 82 15 46 18 72 18 31 72 23 19 19 -1 81 73 
82 22 36 54 97 2 72 94 39 91 77 81 43 53 62 -1 47 
80 64 90 97 44 99 65 4 73 15 69 21 43 46 84 33 -1 

