16
-1 23 67 52 55 21 64 56 81 80 85 35 46 30 71 86 
44 -1 93 97 81 9 28 68 1 13 91 34 10 6 40 88 
16 8 -1 10 3 15 6 9 70 84 81 20 14 62 91 32 
74 29 91 -1 70 13 86 27 7 89 19 34 90 33 48 3 
74 98 27 13 -1 52 46 23 53 54 85 95 97 57 13 21 
55 76 91 85 9 -1 38 89 88 45 11 7 36 84 98 1 
62 43 57 28 9 46 -1 60 77 97 56 63 36 100 51 78 
13 76 64 6 10 5 34 -1 45 1 23 80 10 69 35 35 
51 15 51 92 11 40 36 74 -1 55 63 88 92 67 92 87 
2 77 2 89 28 53 1 21 66 -1 79 12 24 66 93 64 
81 59 92 75 71 4 42 2 95 64 -1 94 65 72 51 51 
60 93 69 76 57 82 38 3 97 73 42 -1 96 79 46 53 
4 20 44 61 67 72 43 42 79 23 15 18 -1 31 35 90 
75 83 89 97 42 40 50 6 1 58 48 82 60 -1 87 82 
77 71 39 4 79 11 22 18 82 22 2 87 39 67 -1 62 
80 41 86 86 34 87 72 100 73 6 7 43 74 79 17 -1 
