20
-1 87 43 62 31 97 98 60 31 56 94 59 65 23 66 83 45 40 69 69 
20 -1 19 8 72 19 23 48 20 68 70 3 72 28 96 93 40 90 80 17 
79 17 -1 22 99 99 74 52 88 81 20 44 64 46 16 34 87 50 70 78 
24 88 49 -1 44 62 14 91 70 11 15 76 81 54 30 13 24 31 4 78 
45 26 49 37 -1 14 92 71 41 63 89 91 5 68 15 61 67 77 77 62 
23 41 96 28 12 -1 24 94 45 20 88 27 23 95 82 25 87 98 64 62 
19 97 74 37 18 19 -1 25 58 3 92 79 9 85 8 44 94 89 2 85 
100 100 35 47 15 63 20 -1 98 36 68 73 83 34 95 95 54 28 92 44 
48 72 71 46 44 30 29 66 -1 20 81 65 66 95 73 16 52 5 78 64 
65 18 80 11 60 62 63 98 63 -1 9 69 59 40 10 38 16 32 57 83 
89 77 78 22 53 76 72 21 23 37 -1 33 93 59 89 18 24 80 61 95 
58 20 45 33 5 38 72 51 27 18 2 -1 18 89 98 93 96 41 76 80 
50 27 68 49 41 91 7 38 58 73 84 39 -1 44 54 17 2 39 55 97 
30 47 68 86 56 19 3 38 26 54 81 54 82 -1 18 47 36 48 39 97 
64 71 22 7 77 57 11 76 6 72 59 48 45 43 -1 78 45 54 78 64 
62 4 57 6 82 67 31 87 47 29 57 8 90 46 60 -1 9 77 26 81 
98 40 98 16 45 16 5 35 59 33 89 68 84 37 64 32 -1 6 38 92 
25 19 28 58 6 68 75 66 97 77 80 4 70 77 85 33 6 -1 4 2 
78 31 80 33 48 38 28 77 35 28 12 99 32 45 96 73 12 14 -1 7 
47 63 86 64 15 69 20 26 76 12 99 93 86 6 85 27 68 53 88 -1 
