18
-1 31 95 63 26 83 81 91 53 3 32 71 97 32 94 98 64 63 
54 -1 99 20 85 37 94 61 24 81 57 1 80 83 75 89 59 40 
79 6 -1 93 36 68 42 32 54 71 7 43 45 62 16 86 67 92 
92 17 11 -1 18 3 24 73 60 84 63 27 86 27 25 32 92 22 
67 3 20 35 -1 26 45 35 40 20 8 11 23 75 4 96 59 10 
10 23 19 90 94 -1 99 5 76 13 34 1 99 64 43 87 100 28 
42 74 20 54 79 7 -1 23 56 47 6 67 89 28 94 14 97 15 
67 43 37 85 15 22 54 -1 5 98 79 92 95 91 73 56 74 30 
24 53 77 63 31 71 17 47 -1 98 37 34 14 6 45 2 68 42 
50 94 48 62 1 6 34 6 55 -1 76 43 18 18 32 43 80 1 
39 86 49 9 78 99 7 53 25 49 -1 78 30 75 78 50 76 94 
87 73 47 14 92 52 57 79 68 55 75 -1 13 49 33 55 65 67 
61 33 100 78 71 33 69 17 42 71 2 50 -1 30 11 86 96 17 
60 23 22 65 24 51 5 24 2 92 51 66 54 -1 81 42 43 80 
66 33 71 32 99 12 34 97 31 70 83 44 94 54 -1 10 79 68 
39 89 33 4 73 52 45 54 19 33 35 45 3 87 93 -1 32 42 
85 58 5 84 69 71 51 88 13 55 4 59 94 53 34 23 -1 43 
95 15 14 17 88 94 52 56 21 76 50 40 25 71 55 69 80 -1 
