19
-1 46 92 24 70 33 22 96 47 2 90 87 1 44 86 48 71 83 79 
85 -1 65 56 19 60 61 19 39 4 68 30 83 45 26 67 16 55 41 
57 22 -1 39 13 95 40 35 56 70 41 28 16 4 4 9 5 92 50 
41 27 48 -1 70 29 53 37 69 3 75 14 48 42 5 15 35 92 72 
56 51 100 17 -1 28 30 75 40 39 5 61 87 67 42 31 82 1 95 
56 21 96 91 41 -1 68 26 96 17 94 12 9 37 65 51 16 31 65 
47 30 21 11 70 50 -1 64 92 24 27 30 47 74 46 77 87 60 56 
21 36 36 52 63 43 96 -1 23 27 24 10 43 63 47 30 49 29 59 
16 87 100 47 52 34 77 33 -1 26 72 71 4 53 8 12 100 71 56 
22 61 25 23 18 72 21 20 54 -1 24 61 96 73 61 82 16 31 78 
13 57 45 41 77 71 4 67 49 87 -1 85 3 55 64 48 35 73 52 
37 89 34 20 78 28 37 9 55 28 42 -1 81 74 61 53 22 82 62 
75 88 62 81 34 29 82 18 40 80 54 90 -1 55 54 46 81 63 65 
64 30 97 94 20 57 91 46 69 5 28 23 32 -1 81 65 88 82 53 
67 42 77 69 71 24 3 89 32 37 43 73 48 57 -1 60 11 25 53 
11 3 25 55 39 98 36 18 79 38 82 13 56 68 57 -1 94 55 39 
23 33 49 9 10 9 65 20 91 82 66 26 18 60 14 44 -1 97 5 
62 99 23 29 78 96 94 57 27 50 22 57 96 5 64 25 58 -1 93 
39 11 16 63 90 42 5 36 83 82 43 84 26 66 100 9 12 14 -1 
